2313313
56156
156

5
156
5
56
51
515
11
561
61
15
11
51
51
515
1
156
1561
561

56
4
6
2313313
56156
156

5
156
5
56
51
515
11
561
61
15
11
51
51
515
1
156
1561
561

56
4
62313313
56156
156

5
156
5
56
51
515
11
561
61
15
11
51
51
515
1
156
1561
561

56
4
62313313
56156
156

5
156
5
56
51
515
11
561
61
15
11
51
51
515
1
156
1561
561

56
4
62313313
56156
156

5
156
5
56
51
515
11
561
61
15
11
51
51
515
1
156
1561
561

56
4
62313313
56156
156

5
156
5
56
51
515
11
561
61
15
11
51
51
515
1
156
1561
561

56
4
62313313
56156
156

5
156
5
56
51
515
11
561
61
15
11
51
51
515
1
156
1561
561

56
4
62313313
56156
156

5
156
5
56
51
515
11
561
61
15
11
51
51
515
1
156
1561
561

56
4
62313313
56156
156

5
156
5
56
51
515
11
561
61
15
11
51
51
515
1
156
1561
561

56
4
62313313
56156
156

5
156
5
56
51
515
11
561
61
15
11
51
51
515
1
156
1561
561

56
4
62313313
56156
156

5
156
5
56
51
515
11
561
61
15
11
51
51
515
1
156
1561
561

56
4
62313313
56156
156

5
156
5
56
51
515
11
561
61
15
11
51
51
515
1
156
1561
561

56
4
62313313
56156
156

5
156
5
56
51
515
11
561
61
15
11
51
51
515
1
156
1561
561

56
4
62313313
56156
156

5
156
5
56
51
515
11
561
61
15
11
51
51
515
1
156
1561
561

56
4
62313313
56156
156

5
156
5
56
51
515
11
561
61
15
11
51
51
515
1
156
1561
561

56
4
62313313
56156
156

5
156
5
56
51
515
11
561
61
15
11
51
51
515
1
156
1561
561

56
4
62313313
56156
156

5
156
5
56
51
515
11
561
61
15
11
51
51
515
1
156
1561
561

56
4
62313313
56156
156

5
156
5
56
51
515
11
561
61
15
11
51
51
515
1
156
1561
561

56
4
6
